## Datasets for the writing functions in R class on datacamp

tricky_list <- structure(list(nums = c(0.327218787828065, 0.732886582670205, 
                                       -0.00248167688424781, 1.07561521625051, 0.316158549238007, -0.00397927669140121, 
                                       -0.76752971784477, 1.35936205265702, 0.0603718614426279, -0.534817097376523
), y = c(FALSE, FALSE, FALSE, FALSE, FALSE, TRUE, TRUE, TRUE, 
         TRUE, TRUE), x = list("hello!", "hi!", "goodbye!", "bye!"), model = structure(list(
           coefficients = structure(c(37.285126167342, -5.34447157272267
           ), .Names = c("(Intercept)", "wt")), residuals = structure(c(-2.28261064680868, 
                                                                        -0.919770395764334, -2.08595211862542, 1.29734993896137, 
                                                                        -0.200143957176023, -0.693254525721567, -3.90536265272207, 
                                                                        4.16373814964331, 2.3499592867344, 0.299856042823977, -1.10014395717602, 
                                                                        0.866873133639263, -0.0502472010864456, -1.88302362245031, 
                                                                        1.17334958945202, 2.10328764310577, 5.98107438886067, 6.87271129264786, 
                                                                        1.7461954226051, 6.42197916860408, -2.61100374058063, -2.97258623135821, 
                                                                        -3.72686631503964, -3.46235532808695, 2.46436702977666, 0.356426325876354, 
                                                                        0.152042998284502, 1.20105932218738, -4.54315128181114, -2.78093991090021, 
                                                                        -3.20536265272207, -1.02749519517299), .Names = c("Mazda RX4", 
                                                                                                                          "Mazda RX4 Wag", "Datsun 710", "Hornet 4 Drive", "Hornet Sportabout", 
                                                                                                                          "Valiant", "Duster 360", "Merc 240D", "Merc 230", "Merc 280", 
                                                                                                                          "Merc 280C", "Merc 450SE", "Merc 450SL", "Merc 450SLC", "Cadillac Fleetwood", 
                                                                                                                          "Lincoln Continental", "Chrysler Imperial", "Fiat 128", "Honda Civic", 
                                                                                                                          "Toyota Corolla", "Toyota Corona", "Dodge Challenger", "AMC Javelin", 
                                                                                                                          "Camaro Z28", "Pontiac Firebird", "Fiat X1-9", "Porsche 914-2", 
                                                                                                                          "Lotus Europa", "Ford Pantera L", "Ferrari Dino", "Maserati Bora", 
                                                                                                                          "Volvo 142E")), effects = structure(c(-113.649737406208, 
                                                                                                                                                                -29.1157216973349, -1.66133394425872, 1.63139433490818, 0.111130494475281, 
                                                                                                                                                                -0.384004069118752, -3.60724416888595, 4.50031253940073, 
                                                                                                                                                                2.6905816665888, 0.611130494475281, -0.788869505524717, 1.11439174126316, 
                                                                                                                                                                0.231679322361766, -1.60615708662333, 1.30145248921506, 2.21378178594695, 
                                                                                                                                                                6.09956331214339, 7.30947343730549, 2.24215942243103, 6.89567922289664, 
                                                                                                                                                                -2.20105953031548, -2.66940775990086, -3.41508586462621, 
                                                                                                                                                                -3.19156077740543, 2.73465558169606, 0.820006404926464, 0.594877128087599, 
                                                                                                                                                                1.70734569676061, -4.20455289700524, -2.40186162512452, -2.90724416888595, 
                                                                                                                                                                -0.649428906921545), .Names = c("(Intercept)", "wt", "", 
                                                                                                                                                                                                "", "", "", "", "", "", "", "", "", "", "", "", "", "", "", 
                                                                                                                                                                                                "", "", "", "", "", "", "", "", "", "", "", "", "", "")), 
           rank = 2L, fitted.values = structure(c(23.2826106468087, 
                                                  21.9197703957643, 24.8859521186254, 20.1026500610386, 18.900143957176, 
                                                  18.7932545257216, 18.2053626527221, 20.2362618503567, 20.4500407132656, 
                                                  18.900143957176, 18.900143957176, 15.5331268663607, 17.3502472010864, 
                                                  17.0830236224503, 9.22665041054798, 8.29671235689423, 8.71892561113933, 
                                                  25.5272887073521, 28.6538045773949, 27.4780208313959, 24.1110037405806, 
                                                  18.4725862313582, 18.9268663150396, 16.762355328087, 16.7356329702233, 
                                                  26.9435736741236, 25.8479570017155, 29.1989406778126, 20.3431512818111, 
                                                  22.4809399109002, 18.2053626527221, 22.427495195173),