
recess <- structure(list(begin = structure(c(-31, 1400, 3652, 4199, 7486, 
                                             11382), class = "Date"), end = structure(c(304, 1885, 3834, 4687, 
                                                                                        7729, 11627), class = "Date")), .Names = c("begin", "end"), class = "data.frame", row.names = c(NA, 
                                                                                                                                                                                        -6L))
##----------------------------

fish.species <- structure(list(Year = 1950:2010, Pink = c(100600L, 259000L, 132600L, 
                                                          235900L, 123400L, 244400L, 203400L, 270119L, 200798L, 200085L, 
                                                          111880L, 178133L, 163558L, 222477L, 143623L, 161131L, 174844L, 
                                                          168960L, 155729L, 195169L, 133466L, 178823L, 93852L, 151180L, 
                                                          94026L, 171012L, 146895L, 224475L, 174314L, 249558L, 226191L, 
                                                          264855L, 170373L, 255129L, 210511L, 300987L, 211685L, 218121L, 
                                                          165236L, 363456L, 235190L, 438998L, 216110L, 302568L, 326065L, 
                                                          394735L, 294915L, 318717L, 371552L, 386928L, 285338L, 360973L, 
                                                          268544L, 377749L, 266554L, 456350L, 316205L, 506343L, 294876L, 
                                                          591654L, 370044L), Chum = c(139300L, 155900L, 113800L, 99800L, 
                                                                                      148700L, 143700L, 158480L, 125377L, 132407L, 113114L, 120760L, 
                                                                                      109053L, 110707L, 106491L, 94498L, 76503L, 93949L, 88027L, 95624L, 
                                                                                      67888L, 113650L, 105879L, 137655L, 125364L, 121052L, 127561L, 
                                                                                      125110L, 118677L, 129513L, 150176L, 166803L, 186550L, 182561L, 
                                                                                      196414L, 210507L, 267794L, 239065L, 217129L, 286572L, 243728L, 
                                                                                      299438L, 266940L, 238427L, 286996L, 328765L, 424595L, 411395L, 
                                                                                      347560L, 311965L, 281260L, 276355L, 307662L, 314098L, 360429L, 
                                                                                      351188L, 318389L, 361561L, 331266L, 295819L, 359908L, 143959L
                                                          ), Sockeye = c(64100L, 51200L, 58200L, 66100L, 83800L, 72000L, 
                                                                         84800L, 69676L, 100520L, 62472L, 83171L, 93311L, 66126L, 53140L, 
                                                                         56189L, 94286L, 81080L, 75582L, 113332L, 65106L, 106436L, 79160L, 
                                                                         43932L, 55637L, 53027L, 38615L, 60357L, 64651L, 75737L, 109439L, 
                                                                         111830L, 132651L, 128176L, 163790L, 126834L, 150860L, 136452L, 
                                                                         131135L, 107361L, 169410L, 198168L, 161218L, 199709L, 242613L, 
                                                                         183686L, 189612L, 188584L, 132075L, 78972L, 130128L, 124782L, 
                                                                         108618L, 103325L, 109822L, 142385L, 147151L, 151523L, 164609L, 
                                                                         138896L, 150040L, 170972L), Coho = c(30500L, 40900L, 33600L, 
                                                                                                              32400L, 38300L, 45100L, 40000L, 39900L, 39200L, 32865L, 26898L, 
                                                                                                              37524L, 39883L, 41547L, 38948L, 44207L, 46874L, 43396L, 46463L, 
                                                                                                              30973L, 44050L, 43110L, 33880L, 38550L, 42631L, 31782L, 36965L, 
                                                                                                              30777L, 30712L, 34279L, 30557L, 28702L, 42281L, 30291L, 40834L, 
                                                                                                              38823L, 42825L, 28173L, 32245L, 31614L, 34635L, 38078L, 38433L, 
                                                                                                              25451L, 45602L, 28922L, 28201L, 13191L, 19386L, 15449L, 18035L, 
                                                                                                              20006L, 20757L, 16995L, 24546L, 18791L, 18275L, 17228L, 21280L, 
                                                                                                              19725L, 20770L), Rainbow = c(0L, 100L, 100L, 100L, 100L, 100L, 
                                                                                                                                           100L, 100L, 100L, 100L, 100L, 200L, 300L, 1600L, 2300L, 1500L, 
                                                                                                                                           900L, 1700L, 11200L, 3000L, 4400L, 4600L, 4900L, 6900L, 8099L, 
                                                                                                                                           10302L, 9492L, 6166L, 7219L, 7036L, 9027L, 8819L, 6839L, 7473L, 
                                                                                                                                           7977L, 9373L, 9709L, 12196L, 11872L, 12249L, 12529L, 12545L, 
                                                                                                                                           9731L, 19091L, 12624L, 13450L, 12407L, 13147L, 18940L, 15874L, 
                                                                                                                                           14918L, 14927L, 12241L, 17128L, 16601L, 16886L, 17079L, 14844L, 
                                                                                                                                           16819L, 17884L, 20754L),