
x <- structure(c(3.37095844714667, 1.43530182860391, 2.36312841133734, 
                 2.63286260496104, 2.404268323141, 1.89387548390852, 3.51152199743894, 
                 1.9053409615869, 4.01842371387704, 1.93728590094758, 3.30486965422349, 
                 4.28664539270111, 0.611139298887661, 1.72121123318263, 1.86667866360634, 
                 2.63595039807007, 1.71574707858393, -0.656455420904776, -0.440466928575519, 
                 3.32011334573019, 1.69336140592153, 0.21869156602, 1.82808264424038, 
                 3.2146746991726, 3.89519346126497, 1.5695308683938, 1.74273061723107, 
                 0.23683691480522, 2.46009735483127, 1.36000512403988, 2.45545012324122, 
                 2.70483733722882, 3.03510352196992, 1.39107362459279, 2.50495512329797, 
                 0.282991320926657, 1.2155409916205, 1.14909240582348, -0.414207649946632, 
                 2.03612260689226, 2.20599860020025, 1.63894270145133, 2.75816323569952, 
                 1.27329517292342, 0.631718955580705, 2.43281802588872, 1.18860682381333, 
                 3.44410126172125, 1.56855379738665, 2.65564788340221, 2.32192526520395, 
                 1.21616105911962, 3.57572751979198, 2.64289930571732, 2.08976064659961, 
                 2.27655074729146, 2.67928881605527, 2.08983288657908, -0.993090083152935, 
                 2.28488295353066, 1.63276535725902, 2.18523056486561, 2.58182372736551, 
                 3.39973682729268, 1.27270794052553, 3.30254263204414, 2.33584811975207, 
                 3.03850609869762, 2.92072856829065, 2.72087816286686, 0.956881061432145, 
                 1.90981361338929, 2.62351816199954, 1.04647664222766, 1.45717118542614, 
                 2.58099649768168, 2.76817873783459, 2.46376758854017, 1.11422370259032, 
                 0.900219101352144, 3.51270700980493, 2.25792143753203, 2.08844022915959, 
                 1.87910346246091, 0.805671104839472, 2.61199689804039, 1.78286015425348, 
                 1.81724329366808, 2.93334632857116, 2.82177311050825, 3.39211637593427, 
                 1.52382607694533, 2.65034856072631, 3.39111045639, 0.889211120552101, 
                 1.13920741312216, 0.86826131914623, 0.540786000497604, 2.07998255324116, 
                 2.65320433964919, -3.79903462440151, -3.95524891283227, -6.00320864683985, 
                 -3.15151809832725, -5.66677340875782, -4.89448618754393, -5.42225588186886, 
                 -5.12235017195497, -4.8118069654985, -4.88083904200299, -5.0250925508674, 
                 -4.89192727205797, -5.48543523584667, -5.5042171306879, -6.66109907991481, 
                 -5.38233372687382, -5.5126502578778, -2.2981089996552, -6.36211623118972, 
                 -4.86274378144139, -6.49362506731629, -6.4704357414368, -4.87529761380299, 
                 -5.99663913488404, -5.00182261430471, -5.42825888142582, -5.6136716064495, 
                 -7.02467784541911, -6.22474795035999, -4.82048355888206, -4.43237940557646, 
                 -5.49287735355347, -4.99993711593465, -3.87711035662003, -3.56014425702381, 
                 -6.09711376840582, -5.11731956025018, -3.7985015990803, -5.4697295805663, 
                 -5.052469484939, -5.08610729823709, -5.88767901790643, -5.44468400488474, 
                 -5.02944487908824, -5.41386884905792, -3.8866139766318, -5.48099284165398, 
                 -5.43316903260073, -4.3031374234479, -6.05636841317091, -5.04069847515122, 
                 -6.55154482234759, -3.83283045076432, -5.27364570137408, -5.46784532467225, 
                 -6.23825232798621, -5.00776203377733, -5.80028217795166, -5.53349232995044, 
                 -3.71232475441541, -5.17552587024213, -6.07178238415068, -4.83679311753262, 
                 -5.36273841562795, -4.40998645201266, -3.56757807226901, -5.99269251110949, 
                 -4.54534970241972, -4.91510194132151, -4.10443441773546, -5.22977813894627, 
                 -4.16338093153939, -6.74505586133669, -3.31054107868663, -4.13522202148142, 
                 -5.15077598888575, -6.44900713013917, -4.35699129995802, -4.51680613618523, 
                 -5.00635562642139, -4.84854410713758, -5.5841089703498, -4.63119326736976, 
                 -4.70534566028048, -5.27925937334258, -6.33623665489315, -4.29925118155997, 
                 -4.44580337772597, -5.83630659280142, -6.59458816200624, -4.79504141941237, 
                 -5.34508797797289, -4.74738829663555, -6.29400246548455, -5.95917044438036, 
                 -3.9142251463201, -4.59622509528429, -4.4135124632807, -3.18477155384605, 
                 -4.87117857139762, -7.00092923773151, -4.66622280256643, -3.82867487264121, 
                 -2.9404607577007, -6.37686159824052, -6.15085556562711, -5.70582139476012, 
                 -6.05405578207719, -5.64574372314249, -5.1853779676765, -6.20122205073999, 
                 -2.96302783301685, -4.89222525511445, -5.08410810050558, -4.50438035839541, 
                 -4.96258481388203, -5.13208803695591, -3.5232125764479, -5.2170302100921, 
                 -6.28360220409223, -4.6143321095566, -5.35151287352909, -5.52179609335627, 
                 -6.06813120068717, -4.57163409673331, -5.174018234427, -4.48433227135197, 
                 -5.23436527730592, -5.65850342582177, -3.74976339592128, -5.2717637151114, 
                 -4.0520480041248, -6.20158243010894, -5.4661160963755, -5.26935139515318, 
                 -5.39096540813086, -3.65129298800829, -5.02276470129841, -4.75577414889655, 
                 -5.94237170786392, -5.72921727650957, -4.00193109144515, -3.74151833540444, 
                 -3.7511363111899, -6.38063704952533, -2.95003930636361, -3.98312717020046, 
                 -5.02671746413826, -4.29639222120174, -5.97138522915186, -0.0961562415588573, 
                 1.0490504509376, -0.19849585655778, 1.19001899855975, 2.29770589960467, 
                 -0.033873722964751, 0.261559245786936, 1.04656393945086, -0.0175961198261059, 
                 0.616716040113722, 1.8727554116714, 1.96954501397012, 1.38384666502709, 
                 -0.851555663067465, 0.946003263173834, 2.06477321433828, 1.8131950374116, 
                 0.809183525895718, -1.6999298085637, 1.06096663880112, 1.57375169748358, 
                 1.0458035797251, 1.15741254017588, 1.43156537286877, 0.603450263949788, 
                 2.30997822575155, 1.47039339987394, -0.242670270574602, 2.38157545638553, 
                 2.20445893700982, 1.82407396368188, -0.662629402185595, 0.430693656394519, 
                 1.63551381728953, 1.04372200757786, 1.34801230366131, 3.45959354887041, 
                 0.181619675600331, -1.11320011492914, 1.27369527243041, 0.312403158756588, 
                 1.44604105296187, 0.187615276209403, 3.21205548033514, 0.87629402842257, 
                 0.522664493969948, 0.833738508513392, 1.86256338362643, 1.09734048520282, 
                 -0.625616739211288, 1.99537923217354, 2.76024216766205, 2.03899091287256, 
                 2.73507214161444, 1.85352737300113, 1.94211266461872, 2.48236946610453, 
                 2.99294363677573, 0.753604501967958, 1.96651247515439, 1.92903781875, 
                 1.24107934626905, 0.965640639060847, 1.36926804602918, 2.586807720013, 
                 1.58367734381635, 1.21511219049468, 2.1634163194861, 0.76328576489065, 
                 3.04587377623667, 1.51540458378129, 2.18912881168067, 2.05100633157497, 
                 1.99975933111356, 3.80938204244287, 1.17467204289006, 3.14547045222799, 
                 2.03157318755324, 1.16479419469328, 1.93123635098349, 2.74677168701247, 
                 1.5744812656054, 1.22791776480654, 2.15276410674789, 2.9885968451788, 
                 1.92654166532783, 0.612973446440258, 0.693324095624637, 1.23160467492206, 
                 1.47289187462554, 1.97857293495838, 2.67049807099628, 1.56538296142759, 
                 0.886120216687153, 2.6071059948785, 2.27545696873959, 3.15734706941474, 
