

##------------------------------------------------------------

mammals <- structure(list(vore = structure(c(1L, 4L, 2L, 4L, 2L, 2L, 1L, 
                                             1L, 2L, 2L, 2L, 4L, 2L, 4L, 4L, 4L, 1L, 2L, 4L, 2L, 3L, 2L, 2L, 
                                             4L, 4L, 2L, 1L, 4L, 2L, 1L, 1L, 2L, 4L, 2L, 2L, 1L, 4L, 2L, 2L, 
                                             2L, 2L, 3L, 2L, 1L, 2L, 1L, 2L, 2L, 4L, 1L, 1L, 1L, 4L, 4L, 1L, 
                                             1L, 2L, 3L, 2L, 4L, 4L, 3L, 2L, 2L, 2L, 2L, 4L, 3L, 2L, 2L, 4L, 
                                             4L, 1L, 1L, 1L, 1L), .Label = c("Carnivore", "Herbivore", "Insectivore", 
                                                                             "Omnivore"), class = "factor"), sleep_total = c(12.1, 17, 14.4, 
                                                                                                                             14.9, 4, 14.4, 8.7, 10.1, 3, 5.3, 9.4, 10, 12.5, 10.3, 8.3, 9.1, 
                                                                                                                             17.4, 5.3, 18, 3.9, 19.7, 2.9, 3.1, 10.1, 10.9, 14.9, 12.5, 9.8, 
                                                                                                                             1.9, 2.7, 6.2, 6.3, 8, 9.5, 3.3, 19.4, 10.1, 14.2, 14.3, 12.8, 
                                                                                                                             12.5, 19.9, 14.6, 11, 7.7, 14.5, 8.4, 3.8, 9.7, 15.8, 10.4, 13.5, 
                                                                                                                             9.4, 11, 3.5, 5.6, 11.1, 18.1, 13, 8.7, 9.6, 8.4, 11.3, 16.6, 
                                                                                                                             13.8, 15.9, 9.1, 8.6, 15.8, 4.4, 15.6, 8.9, 5.2, 6.3, 12.5, 9.8
                                                                             )), .Names = c("vore", "sleep_total"), row.names = c(NA, -76L
                                                                             ), class = c("tbl_df", "tbl", "data.frame"))

##----------------------------------------------------

Canada <- structure(c(929.610513893698, 929.803984550587, 930.318387567177, 
                      931.427687420772, 932.662005594273, 933.550939726636, 933.531526191785, 
                      933.076879439814, 932.12375320915, 930.635939140315, 929.097059933419, 
                      928.563335601161, 929.069380060201, 930.265516098198, 931.677031559203, 
                      932.138967575148, 932.276686471608, 932.832783118083, 933.733419116009, 
                      934.177206176622, 934.592839827856, 935.606709830033, 936.511085968336, 
                      937.420090112655, 938.415921627889, 938.999170021426, 939.235354789206, 
                      939.679504234357, 940.249674139969, 941.435818685214, 942.29809597644, 
                      943.532223256403, 944.34896981513, 944.821488789039, 945.067136927327, 
                      945.80672616174, 946.869661504613, 946.876612143542, 947.249692256472, 
                      947.651276093962, 948.183970741596, 948.349239264364, 948.032170661406, 
                      947.106483115935, 946.079554231134, 946.183811678692, 946.22579516585, 
                      945.997783938785, 945.518279080208, 945.351397570438, 945.291785517556, 
                      945.400785900878, 945.905809840959, 945.90347041344, 946.319028746014, 
                      946.579621275764, 946.780032223884, 947.628284240641, 948.622057553611, 
                      949.399183241404, 949.948137966398, 949.794494142446, 949.953380175189, 
                      950.250239444989, 950.538030883093, 950.787128498243, 950.869528648471, 
                      950.928132469716, 951.845722481401, 952.6004761952, 953.597552755418, 
                      954.143388344158, 954.542593332134, 955.263136106029, 956.056052852469, 
                      956.79658640007, 957.386480451857, 958.06341570725, 958.716592187518, 
                      959.488142422254, 960.362493080892, 960.783379042937, 961.029029939624, 
                      961.765709811429, 405.36646642737, 404.639833965913, 403.814883043744, 
                      404.215773188006, 405.046713585284, 404.416738673847, 402.81912737043, 
                      401.977334663103, 402.089724946428, 401.306688373207, 401.630171263522, 
                      401.56375463175, 402.815698906973, 403.142107624713, 403.078619166324, 
                      403.718785733801, 404.866799027579, 405.636186735378, 405.136285378794, 
                      406.024639922986, 406.412269729241, 406.300932644569, 406.335351723382, 
                      406.773695329549, 405.152547649247, 404.929830809648, 404.576546350926, 
                      404.199492630983, 405.94985619596, 405.82209202516, 406.446282537108, 
                      407.051247525876, 407.946023990985, 408.179584663105, 408.599812740441, 
                      409.090560656008, 408.704215141145, 408.980275213206, 408.328690037174, 
                      407.885696563307, 407.260532233258, 406.775150765526, 406.179413590339, 
                      405.439793348166, 403.279970790458, 403.364855995771, 403.380680430043, 
                      404.003182812546, 404.47739841708, 404.786782762866, 405.271003921828, 
                      405.382993140508, 405.156416006566, 406.470043094757, 406.229308967752, 
                      406.726483850871, 408.578504884277, 409.67671010704, 410.385763295936, 
                      410.539523677181, 410.445258303139, 410.625605270832, 410.867239714014, 
                      411.235917829196, 410.663655285725, 410.808508412624, 412.115961520089, 
                      412.999407129539, 412.955056755303, 412.82413309368, 413.048874899, 
                      413.611017876145, 413.604781916778, 412.968388225217, 412.265886525002, 
                      412.910594097915, 413.829416419695, 414.22415210314, 415.1677707968, 
                      415.701580225863, 416.867407108435, 417.610399060359, 418.002980476361, 
                      417.266680178544, 386.136109062605, 388.135759111711, 390.540112911955, 
                      393.963817246136, 396.764690917547, 400.021701616327, 400.751498688807, 
                      405.733473658807, 409.05038628366, 411.398377747425, 413.019421511595, 
                      415.166962884156, 414.662070678749, 415.731936138368, 416.231468866173, 
                      418.14392690728, 419.735231229658, 420.484186198549, 420.930881402259, 
                      422.112404525291, 423.627805811063, 423.988686751336, 424.190212657915, 
                      426.127043353785, 426.857794216679, 426.745717993024, 426.885793656802, 
                      428.840253264144, 430.122322107039, 430.230679154048, 430.392994893689, 
                      432.028420083791, 433.388625934544, 433.964091817787, 434.484384354647, 
                      436.156879277168, 438.265143944308, 438.763587343863, 439.949811558539, 
                      441.835856392131, 443.176872656863, 444.359199033223, 444.523614807208, 
                      446.969404642587, 450.158586973168, 451.546427290378, 452.298351499968, 
                      453.120066578834, 453.999145996277, 454.955176222477, 455.482381155116, 
                      456.100929020225, 457.202696739531, 457.388589594786, 457.779898919191, 
                      457.553538085846, 458.80240271533, 459.05640335985, 459.15782324686, 
                      459.703720275789, 459.703720275789, 460.025814162716, 461.025722503696, 
                      461.30391443673, 461.4030814421, 462.927726133156, 464.688777934061, 
                      465.071700094375, 464.285125295526, 464.034426099541, 463.453479461824, 
